3.432367897030000137e+01
5.145851182940000257e+01
5.723203492159999684e+01
8.544020080570000175e+01
1.284730567930000120e+02
1.356071460249999916e+02
1.422409839629999908e+02
1.738909878730000003e+02
2.178519389630000092e+02
2.307991859910000016e+02
2.834040899280000190e+02
3.009821548460000145e+02
3.194829149249999887e+02
3.500800659660000065e+02
3.629868199829999753e+02
3.776631729599999971e+02
3.960995318889999908e+02
4.088483519549999983e+02
4.231720249649999914e+02
4.459499228000000244e+02
4.664489009380000084e+02
4.910908880229999909e+02
4.955856788159999837e+02
5.118223760129999960e+02
5.729977109430000155e+02
6.108419008260000282e+02
6.445611388679999436e+02
6.807891728880000528e+02
7.549018299580000075e+02
7.977211918829999604e+02
8.019111700060000203e+02
8.364596929550000368e+02
8.656586399080000547e+02
8.980560798650000152e+02
9.150697858329999690e+02
9.357611818310000444e+02
9.415555808540000271e+02
9.796822669509999741e+02
1.031839599850000013e+03
1.057603380920000063e+03
1.075462302919999956e+03
1.094673282859999972e+03
1.108432214019999947e+03
1.125269608970000036e+03
1.158738029000000097e+03
1.173687769890000027e+03
1.178340952869999910e+03
1.228045509820000007e+03
1.272561883930000022e+03
1.276849969860000101e+03
1.293424922939999988e+03
1.298574006800000006e+03
