7.782628989219999482e+01
7.820717096330000118e+01
8.138418388370000400e+01
8.504007291790000522e+01
1.409557240009999930e+02
2.043974478240000110e+02
2.075378859040000066e+02
2.369144430160000070e+02
2.378353748320000136e+02
2.394715440269999931e+02
2.396959538460000090e+02
2.407858588699999984e+02
2.487404358390000141e+02
2.726385090350000269e+02
2.740566389559999720e+02
2.749026160239999967e+02
2.757130548950000275e+02
2.802958979609999801e+02
2.846984989640000094e+02
3.855062479970000027e+02
3.883093528750000019e+02
3.913104648589999783e+02
4.175919449329999793e+02
4.412515838150000036e+02
4.425763649940000164e+02
4.454775798320000035e+02
4.620841398239999762e+02
4.837858119009999882e+02
4.939800839420000216e+02
4.946470499040000277e+02
5.354518198969999503e+02
5.388139350410000361e+02
5.425187218190000067e+02
5.509171769619999850e+02
5.520764918329999773e+02
5.851279199120000385e+02
6.311133208270000523e+02
6.370003559589999895e+02
6.626157848829999466e+02
6.915514709950000451e+02
6.942064359190000005e+02
7.008865590100000418e+02
7.013718609810000544e+02
7.015168788429999722e+02
7.017160568240000202e+02
7.137427120209999885e+02
7.227563128470000038e+02
7.318583588599999530e+02
7.343635208609999836e+02
7.504878289700000096e+02
7.597263000010000269e+02
7.605633800030000202e+02
7.645285348889999568e+02
7.688365600109999605e+02
7.862418160439999610e+02
7.906746528149999449e+02
8.070822708609999836e+02
8.280188138480000362e+02
8.370563390250000566e+02
8.384578959939999550e+02
8.416034328939999796e+02
8.510553379059999770e+02
8.657946689130000095e+02
8.780364549160000252e+02
8.919328289029999723e+02
8.921259279250000418e+02
8.955151970389999860e+02
9.089885179999999991e+02
9.123032698629999686e+02
9.193171479699999509e+02
9.197471818919999578e+02
9.362196228499999506e+02
9.387669129370000292e+02
9.581887788770000043e+02
9.807098729609999737e+02
9.911380429270000150e+02
1.016193508859999952e+03
1.026537628889999951e+03
1.027737104889999955e+03
1.042597653869999931e+03
1.077460379840000087e+03
1.085936282870000014e+03
1.093126363990000073e+03
1.107034186840000075e+03
1.124522979020000093e+03
1.132799965859999929e+03
1.171068696979999913e+03
1.183726341959999900e+03
1.185495810030000030e+03
1.186674325940000017e+03
1.186859514949999948e+03
1.201901640889999953e+03
1.205738600970000107e+03
1.232134344820000024e+03
1.245211037869999927e+03
