7.199395585060000258e+01
1.362771828170000106e+02
1.944730358120000062e+02
2.349224100110000109e+02
2.455460460189999878e+02
2.537052919859999918e+02
2.605133368969999879e+02
2.675504570009999838e+02
2.794381089209999800e+02
2.915263998510000079e+02
3.839715259079999896e+02
4.138571739199999797e+02
4.378962168689999999e+02
4.588596539499999949e+02
4.686944279670000242e+02
4.809155859950000149e+02
5.177309849260000192e+02
5.487546160220000502e+02
5.572235720160000483e+02
5.630504019259999495e+02
5.793024849890000496e+02
6.292098059649999868e+02
6.351242690090000451e+02
6.580668728350000265e+02
6.873418619630000421e+02
6.980265789029999723e+02
7.103973929879999787e+02
7.199227178099999946e+02
7.271174418929999774e+02
7.469306588169999941e+02
7.565095639229999733e+02
8.035008499619999611e+02
8.164059820180000315e+02
8.239787869450000244e+02
8.347920758720000549e+02
8.474857740400000239e+02
8.829926319119999789e+02
8.895959188939999649e+02
9.039449319840000499e+02
9.175820739270000104e+02
9.450616538519999494e+02
9.527560489180000332e+02
9.648320059779999838e+02
9.781893730159999905e+02
1.001841001989999995e+03
1.011599926950000054e+03
1.039815527920000022e+03
1.047422238829999969e+03
1.075104008909999948e+03
1.083433434009999928e+03
1.091353518010000016e+03
1.097428652999999940e+03
1.113872728820000020e+03
1.120074736829999893e+03
1.130815501929999982e+03
1.159258831019999889e+03
1.168094478850000087e+03
1.180919467930000110e+03
1.215836939810000104e+03
1.221476374860000078e+03
1.242459537980000050e+03
1.251336382870000079e+03
